+-----+----------------+----------------+------+-------+-----+----------+
| id  |     caller     |    receiver    | year | month | day | duration |
+-----+----------------+----------------+------+-------+-----+----------+
| 221 | (130) 555-0289 | (996) 555-8899 | 2021 | 7     | 28  | 51       |
| 224 | (499) 555-9472 | (892) 555-8872 | 2021 | 7     | 28  | 36       |
| 233 | (367) 555-5533 | (375) 555-8161 | 2021 | 7     | 28  | 45       |
| 234 | (609) 555-5876 | (389) 555-5198 | 2021 | 7     | 28  | 60       |
| 251 | (499) 555-9472 | (717) 555-1342 | 2021 | 7     | 28  | 50       |
| 254 | (286) 555-6063 | (676) 555-6554 | 2021 | 7     | 28  | 43       |
| 255 | (770) 555-1861 | (725) 555-3243 | 2021 | 7     | 28  | 49       |
| 261 | (031) 555-6622 | (910) 555-3251 | 2021 | 7     | 28  | 38       |
| 279 | (826) 555-1652 | (066) 555-9701 | 2021 | 7     | 28  | 55       |
| 281 | (338) 555-6650 | (704) 555-2131 | 2021 | 7     | 28  | 54       |
+-----+----------------+----------------+------+-------+-----+----------+
